8
8
8
8
8
8
8
8
8
8
8
8
8
8
8
8
3.6058
0.51873
-1.0054
-1.5898
-1.6182
-1.4107
-1.1069
-0.77931
-0.4817
-0.21366
-0.053178
0.17507
0.30995
0.49377
0.65034
0.71827
0.73897
0.59749
0.36215
0.11161
-0.11548
-0.27063
-0.36655
-0.36208
-0.33281
-0.26258
-0.20664
-0.11778
-0.081766
0.0122
0.054539
0.11288
0.14563
0.16436
0.15594
0.13091
0.081459
0.03506
-0.012379
-0.037462
-0.040742
-0.067361
-0.076732
-0.07526
-0.054411
-0.056555
-0.023697
-0.013128
-0.0072295
0.016576
0.027902
0.030647
0.037803
0.027416
0.022998
0.016668
-0.0088116
-0.005068
-0.00019163
-0.01635
-0.00037503
-0.0096124
0.0021504
-0.00022345
0.00056719
0.0021977
-0.0013176
0.0013888
0.0079694
0.0034835
-0.01199
0.0099541
-0.0018363
-0.0021
0.015366
0.0080781
-0.023983
0.016545
0.0032178
-0.016362
0.012364
-0.0021988
0.010774
-0.005827
0.014291
-0.0028485
0.0005664
-0.0031039
-0.0025081
0.0043758
0.0076148
0.008156
0.005083
-0.010771
0.0065398
-0.009931
0.00085571
-0.0047575
0.0099649
-0.0059126
0.0013905
-0.014617
0.00073866
-0.00065235
0.0037502
-0.0071093
-0.00071168
0.01044
0.0099012
-0.001927
0.0054042
0.0047995
0.013994
-0.013193
0.014576
-0.011267
0.015191
-0.00088805
-0.011276
-0.0082922
0.00069327
-0.016857
0.010387
-0.010883
-0.023787
-0.012866
-0.0070007
0.0041721
-0.005371
0.0015655
-0.0067977
-0.009672
-0.022494
0.00068527
-0.00071159
0.0030737
0.0069911
-0.0020889
-0.0016604
0.011416
0.006516
-0.0047857
-0.0096145
-0.0019556
-0.0042231
-0.0096757
0.0062302
-0.0082689
0.0036164
0.010904
0.0091405
-0.0078965
7.1666e-05
0.0044256
0.013307
0.0044155
0.0097726
-0.010293
0.0109
-0.016839
0.001352
0.0045543
-0.0042901
-0.0043687
-0.0045627
0.0066585
0.0027573
-0.0083748
0.016662
-0.015287
-0.012429
-0.0029742
0.029318
0.00057463
-0.0030326
0.0061622
-0.0040218
-0.00093649
0.0159
-0.0086643
0.019332
0.015508
-0.014148
-0.0011398
