8
8
8
8
8
8
8
8
8
8
8
8
8
8
8
8
3.7842
0.4299
-1.1047
-1.5998
-1.6351
-1.4193
-1.127
-0.81286
-0.50557
-0.20039
-0.0077436
0.23538
0.46381
0.65798
0.84866
0.90222
0.82491
0.56718
0.24281
-0.035897
-0.26563
-0.37295
-0.41006
-0.40878
-0.33807
-0.277
-0.16252
-0.076501
0.0099775
0.085413
0.13264
0.21275
0.20264
0.19719
0.15161
0.10566
0.04549
-0.016619
-0.061168
-0.067176
-0.079898
-0.10936
-0.088243
-0.060586
-0.05952
-0.025496
-0.0057058
0.032668
0.018943
0.048139
0.054108
0.051648
0.028386
0.030719
0.010417
0.00021871
-0.0052175
-0.030058
-0.014406
-0.014296
-0.027354
-0.02173
-0.023108
-0.0044166
0.014423
-0.0088516
0.0086581
-0.0021877
0.018236
0.010519
-0.00046929
-0.0070121
0.019131
-0.0029548
0.0015022
0.011705
-0.014975
-0.035549
-0.016829
-0.0078842
0.0008861
0.0095578
-0.0094047
-0.0013084
0.011515
0.016208
-0.0003082
-0.0022032
0.013295
-0.011285
-0.014741
0.02142
0.0069523
0.0077844
-0.0037836
-0.0060618
-0.010548
0.00527
-0.0061018
-0.0014717
-0.00086055
0.0050606
-0.019338
0.025113
0.011654
-0.0032406
-0.0027184
0.0012782
0.0059936
0.0097118
-0.012476
0.01694
-0.030593
0.010892
-0.0018808
0.016562
-0.011706
0.0057525
-0.024282
-0.023782
0.01518
-0.012659
-0.017049
0.0039243
0.014356
-0.0028248
0.01329
-0.014569
0.017288
-0.0027649
-0.0070495
0.0038348
0.019648
0.0082341
0.021611
-0.0025271
-0.014167
-0.0095771
6.207e-05
0.013378
-0.015934
-0.0096427
-0.0012211
0.014905
0.0090737
-0.011456
-0.0096038
0.0088792
-0.016586
-0.006485
0.0043505
0.0076309
0.024387
0.011393
-0.020819
0.00054675
0.012761
0.0052262
-0.012106
0.0053112
-0.0053505
0.0051821
0.019876
-0.016547
-0.0051721
0.0028979
0.005277
0.00092744
-0.0053048
-0.014093
-0.010213
-0.012708
-0.00439
0.0048663
-0.016636
-0.003658
-0.0059223
0.0073343
0.0004011
0.0023174
-0.022149
0.016876
-0.0015368
0.029944
