7
7
7
7
7
7
7
7
7
7
7
7
7
7
7
7
4.0974
0.58835
-1.026
-1.5881
-1.6152
-1.4394
-1.1323
-0.82888
-0.5013
-0.2545
-0.021801
0.15194
0.37665
0.55788
0.72021
0.86086
0.78632
0.60443
0.30616
0.014587
-0.19201
-0.33896
-0.37919
-0.40296
-0.33479
-0.27937
-0.20225
-0.1222
-0.072393
0.018198
0.080476
0.11899
0.15428
0.1596
0.15193
0.12799
0.082991
0.04227
-0.009843
-0.063674
-0.071423
-0.059696
-0.074754
-0.04512
-0.055802
-0.036832
-0.03658
-0.017257
0.0023764
0.023368
0.012857
0.035507
0.033999
0.0156
0.012829
0.0079767
-0.019437
0.0049469
-0.010175
-0.017658
-0.015684
0.005916
-0.016782
-0.0042552
-0.020062
0.010819
0.0059763
0.0026738
-0.0039437
0.014139
0.0098457
0.00069463
0.0034066
-0.0024052
-0.00047555
-0.012737
-0.010074
0.0076732
0.021568
-0.001162
-0.014485
0.0056526
0.011779
0.0039475
-0.019436
-0.017385
0.0044275
0.0003316
0.0027711
0.0018469
0.0017859
0.010763
-0.0099747
-0.0016263
0.0037305
-0.0052253
0.0059464
-0.0089575
0.016115
-0.0026307
0.020302
0.014117
-0.014971
-0.0037584
0.0089709
-0.0027586
0.0097703
0.018942
-0.0088462
-0.0139
0.0034992
0.0014545
0.001493
0.009296
0.0033954
0.0023116
0.0028425
-0.0016157
0.0035482
-0.013541
-0.0020193
-0.0024583
-0.0051394
-0.0056823
0.0012237
-0.010046
0.0069141
-0.013175
-0.0031122
0.015259
0.0046859
0.0097467
0.010117
-0.0048318
0.011669
0.015623
-0.0084835
0.013942
0.018351
-0.01047
-0.0074987
-0.0245
-0.0027508
-0.014921
0.013605
-0.015366
-0.0036196
-0.019058
-0.0034502
0.0019922
0.002577
0.0082367
0.015544
0.012751
0.020678
-0.017138
0.0050027
-0.0057931
-0.0098756
0.00029019
-0.0022897
-0.010134
0.029596
0.012775
0.0017064
-0.00073988
0.0060857
-0.010916
0.018072
0.0058075
-0.0061234
0.0062281
0.0023275
-0.0027571
-0.0072914
-0.0063887
-0.00011378
0.003345
0.0005056
-0.0028718
-0.0017956
0.012865
-0.0036915
0.018337
