7
7
7
7
7
7
7
7
7
7
7
7
7
7
7
7
2.3228
0.029633
-1.0007
-1.4284
-1.558
-1.4545
-1.2304
-0.87413
-0.61303
-0.29004
0.0067356
0.30098
0.58395
0.78643
0.90765
0.94291
0.7001
0.44607
0.20367
-0.043679
-0.20367
-0.29881
-0.34086
-0.35881
-0.32402
-0.29311
-0.19298
-0.13281
-0.02801
0.078733
0.13365
0.20009
0.19811
0.17331
0.15931
0.10464
0.060773
-0.021468
-0.043588
-0.05468
-0.099575
-0.095396
-0.073924
-0.078687
-0.060301
-0.029777
-0.020558
0.013009
0.036728
0.052657
0.043831
0.045646
0.020659
0.01615
0.025536
0.0060465
0.015668
-0.036598
-0.0048214
-0.0075465
-0.030848
-0.034552
-0.017421
-0.010946
-0.025279
-0.0053975
0.017432
0.020593
0.020826
0.02471
-0.005979
0.014593
0.026856
-0.0037966
-0.018894
0.013714
-0.017635
-0.0051075
-0.0048536
-0.0091268
-0.023228
-0.00021119
-0.00784
0.0074463
0.019391
0.0013293
0.0038158
0.020196
0.012162
0.023731
0.01865
-0.004624
0.012275
0.0029581
0.02384
0.004585
-0.016437
-0.0051753
-0.013277
0.0085567
-0.0046008
-0.034023
-0.0093419
-0.00096082
0.012097
-0.0086663
-0.017406
0.016662
-0.010494
0.011254
-0.020167
-0.016159
-0.0051431
-2.5711e-05
-0.017731
-0.015318
-0.0042542
0.0016905
0.0052138
0.030986
-0.015517
-0.0057592
0.0028776
-0.0061195
0.01559
0.0056445
-0.0061807
0.0089811
-0.0003276
-0.00929
0.024356
0.0046359
0.017172
-0.0058065
-0.0016609
0.0091177
0.01087
0.0047361
0.0073825
0.035036
-0.023313
-0.015045
0.0052366
0.0073685
-0.01553
-0.015008
0.0034808
0.011391
0.017135
-0.019958
0.0083367
-0.010016
0.029876
0.018367
0.020185
0.018213
-0.021037
-0.019321
0.00065938
-0.016053
0.0064426
-0.0083062
0.019651
-0.0087505
0.0068775
0.0065759
-0.0046337
0.012059
-0.009286
0.001085
0.0052892
-0.00082023
0.0019182
-0.01518
-0.019078
0.015994
0.024898
0.0028119
-0.0097051
-0.013186
-0.016964
-0.020806
0.014064
0.005251
