8
8
8
8
8
8
8
8
8
8
8
8
8
8
8
6.3792
1.3779
-0.96784
-1.7963
-1.8936
-1.6533
-1.2819
-0.98275
-0.5255
-0.13834
0.20291
0.58266
0.90908
1.2306
1.3122
1.0764
0.59704
0.030849
-0.41094
-0.6002
-0.70303
-0.6162
-0.49614
-0.30559
-0.14716
-0.00064952
0.16209
0.31653
0.41158
0.42547
0.33395
0.21361
0.071121
-0.050619
-0.1535
-0.21279
-0.25124
-0.21359
-0.13928
-0.11296
-0.031497
0.031838
0.087979
0.11465
0.14397
0.17118
0.079375
0.056293
-0.02935
-0.036178
-0.048461
-0.065872
-0.089499
-0.076892
-0.031878
-0.01989
0.0017384
0.035475
0.051184
0.03632
0.063267
0.037965
0.033091
0.028483
-0.016328
-0.045178
-0.047087
-0.047819
-0.045866
-0.01675
0.0070753
-0.027342
0.0035656
0.012829
0.025728
0.0010928
0.028042
0.035653
0.024423
-0.0074049
-0.038403
-0.0097694
0.017491
0.00075788
0.0030508
-0.018097
-0.012582
0.021249
-0.0020475
0.0092921
-0.011632
0.011036
0.01515
-0.0023732
-0.018242
0.0093236
0.016275
0.013904
-0.041005
0.02704
0.0039011
-0.0013616
0.0117
-0.0067378
0.0070841
0.03717
0.0046042
-0.00417
-0.022793
-0.012079
-0.0046736
0.011104
-0.0023546
0.025695
0.00074867
0.030532
-0.0082674
-0.027453
-0.01023
-0.0080016
-0.036676
-0.018825
-0.025951
-0.0065443
-0.0079751
-0.020199
0.012297
-0.014858
0.013141
0.015431
0.015843
0.00023321
0.041171
-0.019799
0.028534
0.0055483
0.0093996
-0.016435
0.038383
0.0091227
0.0098015
-0.005984
0.017402
0.0085508
0.007991
-0.012084
-0.039723
-0.024092
-0.028511
-0.032382
0.0059615
-0.028289
0.018943
0.030772
0.016215
0.00029897
0.0097017
-0.0042351
-0.011456
0.016144
5.7433e-05
-0.0043851
-0.0015237
0.011282
-0.0040206
0.0081409
0.0071794
0.0017726
-0.016211
0.0049047
0.0013092
-0.0077255
0.0062295
0.010315
0.0055203
-0.014422
-0.013448
-0.0072264
-0.024181
-0.021036
0.0078757
-0.0049964
-0.028125
0.0077384
0.01216
