8
8
8
8
8
8
8
8
8
8
8
8
8
8
8
5.8746
1.1196
-1.1792
-1.98
-2.0187
-1.7331
-1.294
-0.8717
-0.38691
0.029732
0.36907
0.75471
1.099
1.3808
1.4203
1.0968
0.52663
-0.05092
-0.4726
-0.70922
-0.78617
-0.73315
-0.60556
-0.41945
-0.16781
0.059934
0.24693
0.42133
0.53586
0.54749
0.45551
0.28201
0.11728
-0.069016
-0.20751
-0.29016
-0.31271
-0.29696
-0.23224
-0.13317
-0.036018
0.041822
0.12289
0.21347
0.23175
0.20158
0.16631
0.073893
0.0098104
-0.037948
-0.10168
-0.12401
-0.11437
-0.11126
-0.085131
-0.070673
-0.0078489
0.023764
0.053851
0.076144
0.079744
0.087754
0.064223
0.043386
0.027999
-0.029814
-0.030092
-0.044906
-0.048239
-0.041961
-0.028687
-0.040032
-0.0078163
-0.00063726
0.038567
0.035555
0.045334
0.046136
-0.0016297
0.013968
-0.00066367
-0.022141
-0.022655
-0.036265
-0.01885
-0.020004
0.011647
0.022514
-1.0044e-05
0.0076741
0.0093635
0.015492
0.0092918
0.0014302
0.0082784
0.012479
-0.011177
0.002879
-0.013457
-0.0069175
-0.015514
-0.016231
-0.015738
0.008164
-0.016347
-0.014898
-0.0022009
0.0046988
-0.0075993
-0.018733
0.012319
0.0047126
0.0056568
0.013224
-0.0019827
0.028059
0.02093
-0.017429
0.011605
-0.00045629
0.0020521
-0.016079
-0.011535
0.010258
-0.0012949
-0.00066801
-0.007471
-0.012585
-0.011901
0.00087137
-0.0010706
0.011117
-0.0056381
0.004624
-0.0033406
0.0035232
-0.015399
0.0035965
-0.016676
0.0040511
-0.0038398
-0.0076974
-0.0024767
0.017353
0.0073182
-0.0054547
-0.004172
-0.0098359
0.0091581
0.0049329
0.015466
0.0064873
0.02016
-0.02784
0.0046755
-0.0023684
-0.0026546
-0.015411
-0.012928
0.019338
-0.0048988
0.002657
0.010008
0.01086
-0.0019514
0.0076677
-0.00071033
0.0019025
-0.003682
-0.012864
-0.014459
0.0017642
-0.00045386
0.0087597
-0.0023505
0.010852
-0.026414
-0.0059589
0.0090078
-0.015264
-0.0028813
0.0085209
-0.0032545
-0.00069439
-0.012028
