6
6
6
6
6
6
6
6
6
6
6
6
6
6
6
6
6
6
2.1701
-0.5928
-1.8254
-2.2077
-2.1551
-1.7679
-1.2103
-0.69968
-0.39998
-0.17676
0.0027184
0.13044
0.35664
0.55805
0.87843
1.2179
1.3926
1.3804
1.0971
0.66673
0.18772
-0.23225
-0.53939
-0.72278
-0.76059
-0.76796
-0.68929
-0.56179
-0.39826
-0.23309
-0.088337
0.099009
0.2648
0.3858
0.50641
0.58886
0.59429
0.51988
0.35969
0.21396
0.048005
-0.10608
-0.21932
-0.28397
-0.34047
-0.32485
-0.33177
-0.26167
-0.21988
-0.11839
-0.011323
0.032297
0.1045
0.20067
0.20853
0.25309
0.26295
0.19609
0.15031
0.086158
0.0011108
-0.051127
-0.089797
-0.12101
-0.17027
-0.15703
-0.1564
-0.1114
-0.096072
-0.050109
-0.020674
0.049331
0.046558
0.11738
0.080391
0.075888
0.10121
0.089549
0.081964
0.048269
-0.002975
-0.028583
-0.018807
-0.077205
-0.053269
-0.060559
-0.066917
-0.093741
-0.020709
-0.037043
-0.025425
0.033107
0.024158
0.062269
0.035432
0.039563
0.031051
0.051663
0.033714
0.037958
0.003826
0.018692
-0.032293
-0.03298
-0.030548
-0.04364
-0.034064
-0.023296
-0.027293
-0.0095747
0.0059556
0.0096251
0.012554
0.014976
0.011655
0.025569
0.030543
0.040323
0.01855
0.0060969
-0.017959
0.0069862
0.011046
0.0045561
-0.043914
-0.008887
-0.018564
-0.026428
-0.0042103
-0.044151
0.0014244
0.026526
-0.0017993
0.02361
-0.00098342
-0.0024095
-0.0053798
0.020013
-0.0072278
0.026693
0.010489
0.015181
0.002294
0.023033
0.01885
-0.012317
-0.022125
0.0026087
0.019964
-0.039284
-0.017097
0.013772
0.025028
0.024937
0.010727
-0.015533
-0.029549
0.010225
0.0097643
0.0026818
-0.0079396
-0.0013481
-0.02997
-0.039874
0.012841
0.010787
0.036058
-0.012798
-0.008928
-0.0074969
-0.00078606
-0.0077385
-0.0034123
0.037882
0.0010387
0.0022819
0.013254
-0.0072945
0.013607
0.0020977
0.0023187
-0.027024
