6
6
6
6
6
6
6
6
6
6
6
6
6
6
6
6
6
6
1.844
-0.37418
-1.6064
-2.2588
-2.3927
-2.1499
-1.5738
-0.97701
-0.5502
-0.21991
-0.025215
0.12984
0.30586
0.56729
1.0684
1.4948
1.776
1.5884
1.205
0.67233
0.16704
-0.24307
-0.53367
-0.72541
-0.83996
-0.89526
-0.79345
-0.69049
-0.54405
-0.33197
-0.15814
0.048
0.29524
0.49556
0.65518
0.74075
0.67551
0.63598
0.43503
0.26979
0.080182
-0.10896
-0.24791
-0.35575
-0.42211
-0.44764
-0.40184
-0.33119
-0.25167
-0.16605
-0.085468
0.017981
0.12557
0.26142
0.27264
0.34312
0.31437
0.28005
0.19964
0.12967
0.038582
-0.048116
-0.1072
-0.15213
-0.18228
-0.18733
-0.20462
-0.18097
-0.13469
-0.0504
-0.047618
0.037127
0.071794
0.11852
0.15076
0.1509
0.16214
0.11903
0.072559
0.047018
0.0047418
0.0022172
-0.018226
-0.046853
-0.10816
-0.10707
-0.09647
-0.088304
-0.081426
-0.052665
-0.0445
-0.014013
0.048896
0.026171
0.071305
0.042579
0.0671
0.031461
0.036215
0.031286
0.033296
0.012897
-0.044256
-0.049526
-0.024883
-0.044752
-0.05502
-0.030315
-0.03099
-0.0027741
0.00091871
-0.027068
0.02123
-0.0061894
0.0307
0.045598
0.023664
0.020749
0.0083662
-0.0034148
0.012668
0.0080398
0.0037583
-0.018702
-0.040182
-0.012646
-0.012391
-0.034066
0.018301
-0.010179
0.029224
-0.0076035
-0.02312
0.034765
0.026726
0.014575
0.0034645
0.019053
0.020433
-0.0018655
0.0061548
-0.0064626
0.017773
0.0073057
-0.027948
-0.036941
-0.026142
-0.024163
0.011077
0.0041543
-0.038424
-0.009388
0.0044456
0.014409
0.0086417
-0.0082047
0.029109
0.0047709
-0.0061909
0.03731
0.0063563
0.011998
0.013326
0.032079
0.0040389
0.0044726
-0.0077844
0.0094459
-0.054065
-0.042315
0.017619
-0.010887
0.00079852
-0.0038366
0.022092
0.016197
0.015007
-0.014962
0.029276
0.0016457
0.017891
9.1089e-05
