0
0
0
0
0
0
0
0
0
0
0
0
0
0
0.50042
9.0407
4.1418
0.92972
-0.72459
-1.4264
-1.5696
-1.4703
-1.2743
-1.044
-0.8458
-0.68376
-0.56282
-0.47316
-0.40592
-0.35035
-0.30701
-0.26448
-0.22697
-0.19456
-0.16644
-0.1426
-0.12227
-0.10505
-0.090208
-0.077344
-0.066488
-0.056667
-0.048557
-0.041118
-0.034998
-0.029595
-0.024872
-0.020594
-0.016818
-0.013511
-0.010525
-0.0079205
-0.0056413
-0.0036757
-0.0019507
-0.0010447
-0.00062893
-0.00033553
-0.00013703
-3.081e-05
-2.1473e-07
-1.9934e-07
-2.3622e-07
-1.808e-07
-1.6649e-08
-4.8158e-07
-5.6651e-07
-2.2834e-08
6.1331e-07
2.0657e-07
3.0533e-07
-1.1078e-06
2.9374e-08
3.6554e-07
-3.4009e-07
1.5795e-08
2.0968e-07
5.8578e-07
-5.1351e-07
-1.0004e-07
3.5801e-07
5.2956e-07
7.9566e-07
-5.7532e-07
2.1713e-07
6.6005e-07
-8.7993e-07
-4.4198e-07
1.0556e-07
-8.4071e-08
6.192e-07
-1.5618e-07
2.2823e-07
5.7002e-07
-4.3704e-07
-6.0508e-07
-3.2594e-07
3.9692e-07
4.2724e-07
-3.613e-07
2.0714e-07
-7.6226e-07
9.1004e-07
-3.0832e-08
-3.2808e-07
-4.5976e-07
2.6825e-07
-2.3392e-07
4.0476e-07
-1.083e-06
9.1672e-08
-2.0121e-07
7.6275e-08
-1.0336e-07
2.4614e-07
-1.0229e-07
6.8344e-07
-6.5094e-07
-1.9799e-07
4.507e-07
4.8829e-07
-2.3567e-07
2.2094e-07
3.5185e-07
4.0185e-07
-4.2883e-08
7.1205e-08
-1.1389e-07
1.6481e-07
-1.9637e-07
-6.1897e-07
2.3254e-07
2.4451e-07
-1.2823e-07
3.1785e-07
-8.1735e-08
1.2852e-07
2.1759e-07
2.6895e-07
2.1448e-07
-5.9714e-07
8.054e-07
-3.6264e-07
3.5149e-07
2.4484e-07
-4.5985e-07
3.8644e-07
2.1667e-07
4.0976e-07
5.4623e-07
-5.2118e-07
-6.5442e-07
2.7492e-07
-7.2422e-07
-1.2807e-07
-6.5427e-08
-9.4703e-08
-5.6384e-07
1.1378e-06
-2.8059e-07
2.1285e-07
2.1139e-07
-3.1602e-07
-4.6003e-07
4.406e-07
1.1318e-07
-1.1439e-09
-5.6339e-08
2.9133e-07
2.68e-07
5.1138e-07
-9.1072e-07
-2.8264e-07
4.6603e-07
-3.5901e-07
2.2337e-07
8.1245e-07
2.3536e-08
6.4152e-08
-6.0338e-07
-8.6005e-08
1.4746e-07
4.9788e-08
2.7052e-07
-2.3877e-07
-8.5656e-07
-1.1461e-06
2.6279e-07
1.4634e-08
-7.7236e-07
-1.868e-07
7.033e-07
-5.1477e-07
-5.4408e-08
6.7552e-08
1.0072e-07
1.577e-07
5.2825e-07
-1.1185e-06
1.6169e-07

