0
0
0
0
0
0
0
0
0
0
0
0
0
0
-0.015839
-0.5929
-0.53199
-0.40901
-0.28389
-0.1674
-0.038578
0.052861
0.15377
0.22936
0.3533
0.47628
0.49922
0.66695
0.71767
0.84121
0.95845
0.99772
0.97167
0.80852
0.52959
0.25826
0.0012291
-0.15138
-0.27076
-0.29365
-0.27771
-0.19913
-0.11568
-0.10376
-0.049178
0.021017
0.075622
0.12911
0.14327
0.18414
0.17241
0.16857
0.1072
0.042254
-0.016335
-0.036361
-0.041562
-0.055306
-0.070531
-0.075247
-0.06802
-0.073323
-0.027707
-0.016132
-0.0080589
0.015602
0.036102
0.016152
0.03963
0.03057
0.02337
0.053227
0.0024723
0.021376
0.019786
-0.023268
-0.0059487
-0.011609
-0.0040436
0.010306
-0.017725
-0.0034899
-0.02275
0.022446
0.0037399
-0.018629
-0.017059
0.0093712
-0.016788
0.0027924
0.0087353
0.0037803
-0.041085
0.012978
0.035393
0.0074201
0.010598
-0.0033288
0.0053385
-0.013142
0.012759
0.013633
0.013345
-0.01062
-0.018212
-0.00039103
-0.0049294
0.011047
0.0057441
0.00037523
0.014135
0.0067363
-0.0092231
-0.015761
-0.0036319
-0.0084225
-0.0040107
-0.011979
-0.0025915
-0.016309
0.0018825
0.010685
-0.01664
0.022827
0.018659
-0.012926
0.0081882
0.017315
0.021567
0.015377
-0.0094788
-0.01863
-0.0092944
0.010934
0.0089905
-0.025419
0.0026709
-0.030314
-0.0064965
-0.031769
-0.016662
-0.032321
-0.041924
0.01039
-0.0079746
0.010422
-0.0068016
-0.03613
-0.022725
-0.0067792
-0.0051929
-0.0042605
-0.0037095
0.0049789
0.023731
-0.0017828
0.021386
-0.015417
-0.013048
0.011896
-0.014992
0.008312
0.04038
-0.009414
-0.0037419
0.0066138
0.0089212
-0.020294
-0.015806
0.023772
0.021597
0.01634
-0.0051397
-0.010685
0.0091346
-0.034997
-0.00028767
-0.0011212
-0.01668
-0.0043741
0.0077114
0.0026449
0.011403
-0.01407
0.027664
0.0017078
-0.017753
-0.007187
0.0086038
0.0031531
0.019182
-0.0038354
-0.013311
0.0072941
0.0037597
-0.012725
0.029645
-0.0083248
-0.029011
0.0067227

