0
0
0
0
0
0
0
0
0
0
0
0
0
0
0
0
0
0
0
0
0
0
0
0
0
0
0
0
0
0.00033039
0.0045803
0.031973
0.12236
0.33313
0.67585
1.0922
1.4448
1.7389
1.9251
1.9583
1.9214
1.8516
1.7344
1.5987
1.4666
1.3602
1.2917
1.2091
1.127
1.0658
1.0161
0.97042
0.92446
0.89874
0.86466
0.85605
0.83728
0.83198
0.81432
0.82449
0.82262
0.81543
0.82598
0.83999
0.84479
0.85139
0.88348
0.89658
0.92504
0.9573
0.96552
1.0017
1.0218
1.0547
1.0713
1.0947
1.1041
1.1051
1.1179
1.1006
1.1075
1.1034
1.0786
1.0672
1.0575
1.0458
1.0295
1.0111
1.0021
1.0133
0.98768
0.98423
0.96892
0.96148
0.95295
0.96206
0.95788
0.96478
0.9536
0.96439
0.95629
0.9596
0.95934
0.96156
0.97586
0.99048
0.97931
1.0131
0.99698
1.0026
1.0069
1.0163
1.0187
1.0054
1.023
1.0246
1.0152
1.021
1.0239
1.0206
1.0191
1.0077
1.0035
1.0048
1.0021
1.0072
1.0012
0.99366
0.98544
0.99994
0.9922
0.99347
0.98813
0.98348
0.98986
0.98683
0.98831
0.98613
0.99379
0.99204
0.9915
0.99233
0.99533
0.99785
0.99057
0.9995
1.0031
0.98632
0.9983
1.0051
