0
0
0
0
0
0
0
0
0
0
0
0
0
0
0
0
0
0
0
0
0
0
0
0
0
0
0
0
0
0
0.00020808
0.0054398
0.060828
0.25622
0.67373
1.1408
1.6084
1.8944
2.0253
2.0273
1.9476
1.8797
1.728
1.5983
1.5025
1.3657
1.2792
1.1911
1.1243
1.0751
1.0198
0.97999
0.91539
0.89383
0.86602
0.85287
0.82997
0.82266
0.80794
0.80583
0.80033
0.80542
0.81792
0.82238
0.83964
0.85507
0.8737
0.89517
0.92699
0.94776
0.98783
1.0255
1.0495
1.079
1.0835
1.1068
1.1131
1.1211
1.1226
1.1289
1.1116
1.104
1.0952
1.0701
1.0666
1.0408
1.0316
1.0211
1.0071
0.99823
0.99698
0.97152
0.96324
0.96516
0.95874
0.95422
0.94854
0.95827
0.95454
0.96028
0.95351
0.97128
0.96539
0.97075
0.9836
0.98023
0.98393
0.99219
1.0115
1.0043
1.0117
1.0178
1.027
1.0342
1.0255
1.0323
1.0313
1.0264
1.025
1.0174
1.0268
1.0274
1.0199
1.0182
1.0048
1.0119
1.0083
0.99427
1.0051
0.99315
0.99821
0.98842
0.99317
0.99443
0.98928
0.99308
0.99385
0.98916
0.99418
0.98856
0.99424
0.99107
0.98834
0.99249
1.0042
1.0023
0.99337
1.0035
1.0051
1.0142
