0
0
0
0
0
0
0
0
0
0
0
0
0
0
0
0
0
0
0
0
0
0
0
0
0
0
0
0
0
0
0.00043611
0.011884
0.096764
0.35375
0.79786
1.2937
1.7182
1.8664
1.9078
1.8955
1.8795
1.8384
1.6995
1.5738
1.4598
1.3514
1.2447
1.167
1.0968
1.0334
0.97508
0.93368
0.88938
0.86331
0.84175
0.81631
0.80034
0.79536
0.77739
0.78767
0.79022
0.79621
0.80935
0.82434
0.83302
0.8642
0.88485
0.90817
0.95196
0.98304
1.0122
1.0476
1.07
1.0981
1.1186
1.1281
1.1298
1.1277
1.1252
1.1187
1.1056
1.1028
1.0783
1.0664
1.0478
1.0294
1.0206
1.0026
0.99549
0.98421
0.97341
0.96716
0.9574
0.95628
0.94553
0.94902
0.95003
0.95284
0.95239
0.94595
0.96122
0.96568
0.97226
0.97765
0.98915
0.99023
1.0002
1.0026
1.0128
1.0209
1.0215
1.0258
1.0297
1.031
1.0327
1.0319
1.0333
1.0262
1.0241
1.0198
1.0186
1.0163
1.0096
1.0081
1.0046
1.0026
0.99569
1.0009
0.98795
0.99152
0.98701
0.98828
0.99497
0.98514
0.98629
0.98922
0.99152
0.99434
0.98676
0.99162
0.99115
0.99782
0.99613
1.0006
1.0082
1.01
1.0052
1.0071
1.0071
1.0082
