0
0
0
0
0
0
0
0
0
0
0
0
0
0
0
0
0
0
0
0
0
0
0
0
0
0
0
0
0
0
0
0
0.19809
0.60099
0.8674
1.1579
1.4349
1.6435
1.7867
1.8267
1.8308
1.7502
1.6662
1.5604
1.4476
1.3468
1.2626
1.1818
1.1119
1.0399
0.99075
0.9437
0.91748
0.87866
0.85328
0.8389
0.82512
0.81815
0.81166
0.80815
0.81565
0.8223
0.83336
0.84714
0.86129
0.88106
0.90789
0.93438
0.95819
0.98816
1.0097
1.0237
1.0496
1.0669
1.0745
1.0907
1.0848
1.0971
1.0896
1.0861
1.0792
1.0687
1.0581
1.0526
1.0421
1.0307
1.016
1.0097
0.99763
0.98812
0.98238
0.97639
0.97222
0.9663
0.96118
0.96052
0.96253
0.96458
0.96322
0.96596
0.97102
0.96977
0.9813
0.97977
0.98948
0.99323
0.99798
0.99935
1.0026
1.0104
1.012
1.0167
1.014
1.0191
1.0152
1.0185
1.0137
1.0167
1.0206
1.0127
1.0133
1.0047
1.0106
0.99948
0.99976
0.99693
0.99713
0.99771
0.9946
0.99141
0.9946
0.99444
0.99283
0.99121
0.99203
0.99735
0.99165
0.99195
0.99461
0.99896
0.99634
0.99505
0.99914
0.99789
1.0016
1.0023
0.99907
0.99867
1.0028
1.0029
