0
0
0
0
0
0
0
0
0
0
0
0
0
0
0
0
0
0
0
0
0
0
0
0
0
0
0
5.4649e-05
0.0060114
0.098271
0.50737
1.2482
1.9455
2.3535
2.4234
2.2957
2.0564
1.83
1.6159
1.4264
1.2718
1.1464
1.0443
0.96503
0.90009
0.84945
0.81228
0.78198
0.76112
0.74486
0.74137
0.74106
0.73679
0.75523
0.76656
0.79135
0.81588
0.84559
0.88305
0.92049
0.96028
1.0082
1.0465
1.0935
1.1274
1.1592
1.1776
1.1822
1.1746
1.1546
1.1387
1.1097
1.0854
1.0554
1.0337
1.0103
0.99061
0.97245
0.95746
0.94699
0.93834
0.93083
0.92558
0.92558
0.93029
0.93113
0.93637
0.94411
0.95337
0.96422
0.97602
0.98082
0.99086
1.0036
1.0158
1.0239
1.0281
1.0326
1.0358
1.0416
1.0399
1.0339
1.0302
1.028
1.0195
1.014
1.009
1.0025
0.99839
0.99858
0.99226
0.98434
0.98757
0.97855
0.97742
0.97782
0.97703
0.97827
0.98223
0.98138
0.98495
0.98759
0.99022
0.99014
0.9977
0.9959
1.0034
1.0022
1.007
1.0108
1.009
1.0089
1.0072
1.0085
1.0086
1.0063
1.0069
1.0057
1.003
1.0046
1.0009
0.99888
0.99707
1.0002
0.99421
0.9941
0.9923
0.99197
0.99306
0.99306
