0
0
0
0
0
0
0
0
0
0
0
0
0
0
0
0
0
0
0
0
0
0
0
0
0
0
0
0
0.00046325
0.019583
0.18095
0.67673
1.419
2.0867
2.4253
2.508
2.3889
2.1743
1.9261
1.6966
1.4935
1.3217
1.1716
1.0573
0.95793
0.87754
0.81544
0.76703
0.72785
0.7069
0.68622
0.67523
0.67545
0.67622
0.68591
0.70701
0.72725
0.76292
0.80714
0.8468
0.89087
0.94346
0.99439
1.0401
1.0954
1.145
1.1828
1.2122
1.2307
1.2271
1.2222
1.2083
1.182
1.1459
1.1067
1.0799
1.043
1.0086
0.98169
0.95978
0.93253
0.92167
0.90553
0.89582
0.89285
0.88699
0.89162
0.89956
0.90751
0.91601
0.9306
0.94315
0.9581
0.97786
0.99179
1.0111
1.0192
1.0341
1.043
1.0549
1.0656
1.0667
1.0639
1.0627
1.0569
1.0569
1.0487
1.0354
1.0279
1.0149
1.0076
0.99822
0.98773
0.98275
0.9765
0.97417
0.9663
0.96207
0.96606
0.96391
0.96704
0.96775
0.97028
0.97615
0.98327
0.98512
0.98845
0.99685
1.0008
1.0064
1.008
1.0144
1.0185
1.0207
1.0199
1.0203
1.0223
1.0165
1.0166
1.0179
1.0133
1.0085
1.0052
1.0033
0.99976
0.99697
0.99487
0.99458
0.99224
0.98981
