0
0
0
0
0
0
0
0
0
0
0
0
0
0
0
0
0
0
0
0
0
0
0
0
0
0
0
0
0
0
0
0
0
0
0
4.0497e-05
0.00086652
0.014971
0.099402
0.37797
0.885
1.5152
2.0975
2.4963
2.6677
2.6607
2.5421
2.3527
2.1369
1.9259
1.7247
1.5397
1.3859
1.2456
1.1349
1.0291
0.94389
0.88082
0.81601
0.76925
0.73154
0.69877
0.67435
0.65232
0.64122
0.63351
0.6313
0.63021
0.63594
0.64732
0.6698
0.69276
0.7147
0.74874
0.78649
0.8208
0.86597
0.9106
0.95775
1.0073
1.0504
1.0992
1.1433
1.1913
1.2316
1.2552
1.2852
1.288
1.2929
1.2939
1.2783
1.2527
1.2283
1.1935
1.1552
1.1264
1.0863
1.0532
1.0235
0.998
0.9677
0.94433
0.92447
0.90534
0.8922
0.87913
0.86976
0.86726
0.8641
0.86114
0.86296
0.87284
0.88239
0.89065
0.90534
0.91923
0.93646
0.95185
0.97137
0.98857
1.0091
1.025
1.0391
1.055
1.0617
1.0763
1.0891
1.0951
1.0971
1.1041
1.1039
1.0955
1.0939
1.0883
1.0811
1.0733
1.0632
1.0554
1.0396
1.0286
1.0206
1.0076
0.99557
0.99218
0.98346
0.97508
0.96951
0.9579
0.95813
0.95343
