0.0038075
0.0044421
0.0034268
0.0039888
0.0036665
0.0052498
0.0044421
0.0049498
0.0043675
0.0044421
0.0045026
0.004249
0.0048736
0.0046772
0.0047485
0.0045445
0.0042114
0.0038801
0.0039962
0.0044421
0.0046743
0.0044126
0.0038498
0.0042261
0.0039111
0.0039942
0.0041428
0.0046037
0.0040636
0.0043561
0.00413
0.0042306
0.0042371
0.0043379
0.0044053
0.005327
0.0065545
0.010898
0.22359
0.45851
0.80358
1.2315
1.6896
2.1323
2.4363
2.5802
2.6608
2.5402
2.3637
2.1583
1.9271
1.7273
1.5297
1.3336
1.191
1.0629
0.97772
0.8855
0.81846
0.76652
0.71378
0.67751
0.64596
0.6208
0.6098
0.59879
0.61021
0.59811
0.60819
0.61925
0.64634
0.65327
0.69595
0.73107
0.76099
0.80509
0.8674
0.91127
0.95156
1.014
1.0517
1.1187
1.1556
1.1968
1.2411
1.2587
1.2801
1.2935
1.3106
1.3077
1.2991
1.2904
1.263
1.2363
1.2004
1.1671
1.1328
1.1039
1.0567
1.0259
0.9976
0.96264
0.92777
0.91617
0.88557
0.87281
0.86599
0.85616
0.85178
0.85423
0.85023
0.85991
0.86561
0.86908
0.88369
0.91015
0.92974
0.93646
0.95236
0.9869
1.0024
1.0119
1.0366
1.066
1.0677
1.0822
1.0871
1.1063
1.1144
1.1203
1.1206
1.1142
1.1096
1.0976
1.1006
1.0961
1.0902
1.071
1.0687
1.0568
1.0443
1.0192
1.0104
1.0032
0.9998
0.99321
0.96949
0.9732
0.95998
0.95935
