0
0
0
0
0
0
0
0
0
0
0
0
0
0
0.00097761
0.30423
3.2669
6.7111
5.9853
3.7935
2.2112
1.3042
0.84791
0.60543
0.4809
0.41346
0.39037
0.4037
0.44091
0.52682
0.67535
0.87684
1.1746
1.4806
1.709
1.812
1.7538
1.5887
1.4168
1.2496
1.099
0.99161
0.91989
0.87378
0.84536
0.84104
0.85512
0.89198
0.93327
0.98487
1.0385
1.0846
1.1226
1.1271
1.1311
1.118
1.0904
1.0755
1.0435
1.0174
1.0085
0.98161
0.98047
0.96699
0.9662
0.97479
0.9722
0.99043
1.0085
1.0026
1.0094
1.0251
1.0216
1.0165
1.0198
1.0126
1.0042
0.99655
0.99251
0.98937
0.994
0.98608
0.98396
0.99271
0.99353
0.99984
0.99937
1.0071
1.0078
1.0027
1.0101
1.0046
1.0093
1.0036
0.99639
0.99408
1.0056
1.0005
0.99435
1.0042
0.98996
1.0056
0.99479
1.0062
1.0068
1.0012
1.0009
0.99796
1.0008
0.99992
0.9949
0.99537
0.99498
1.008
1.0122
0.99682
0.99671
1.003
1.0049
0.99753
1.0013
1.0107
1.0193
0.99737
1.0062
0.99969
1.0054
1.0087
1.0016
0.98886
0.99577
1.0056
1.0028
1.0058
0.99726
1.0039
1.0095
1.0184
1.0129
1.0058
1.0096
1.0134
1.0039
1.0025
1.0077
1.0004
1.0269
1.0208
1.0102
1.0103
1.0016
1.0064
1.0141
1.0182
1.0129
1.0108
1.0059
1.0006
1.0043
1.0033
1.0056
1.0085
1.0038
1.0178
1.0096
1.0127
1.0149
1.0083
1.0071
1.0133
1.0126
1.0028
0.99749
1.0118
1.0105
1.0094
0.99863
1.005
0.98718
0.99831
0.99788
1.0069
0.99341
0.99479
1.0031
1.0144
1.0142
1.02
1.0224
1.012
1
1.0042
1.0151
1.0023
1.0093
1.0028
1.005
1.005
1.0036
1
1.0091
1.0013
0.99455
0.99651
1.0113
1.0105
1.0042
1.0185
1.0175
1.0178
0.99788
1.0045
1.0149
0.99718
1.0091
1.0012
1.008
1.0194
1.015
1.0166
1.0045
1.0173
1.0151
1.0161
1.0059
1.0135
0.99655
1.0197
1.0092
1.0062
1.0156
1.0156
1.0026
1.0013
1.01
1.0027
1.0146
1.0122
1.0133
1.0263
1.0139
1.0164
1.0226
1.0066
1.0237
1.0087
1.0187
1.0164
1.0091
1.0183
1.0151
1.0158
1.0202
1.0009
1.0102
1.0105
1.0166
1.0185
1.02
1.0182
1.0266
1.0199
1.0364
1.0256
1.0175
1.0169
1.0171
1.0246
1.0181
1.0237
1.0213
1.0261
1.0244
1.0218
1.034
1.0328
1.0156
1.0296
1.0232
1.0214
1.0166
1.0209
1.0246
1.025
1.0243
1.0229
1.0278
1.0205
1.0288
1.0221
1.0262
1.0336
1.026
1.0258
1.0248
1.0221
1.0317
1.017
1.0332
1.0253
1.015
1.0159
1.0134
1.0168
1.0139
1.0249
1.0196
1.0297
1.0311
1.0239
1.0153
1.0261
1.0297
1.0217
1.0178
1.0261
1.0178
1.0137
1.0246
1.0231
1.0134
1.0237
1.0344
1.0274
1.0288
1.0475
1.0463
1.0476
1.0464
1.0297
1.0306
1.0179
0.99957
1.006
0.98459
0.98761
0.99318
1.0036
1.0149
1.0233
1.0592
1.0947
1.1191
1.1424
1.1635
1.1563
1.1485
1.1048
1.0734
1.0032
0.95075
0.90692
0.86237
0.84473
0.84763
0.87398
0.90903
0.99784
1.1238
1.2669
1.4305
1.6432
1.8088
1.8596
1.764
1.5118
1.1808
0.88351
0.66448
0.51953
0.43781
0.39625
0.39378
0.41135
0.4693
0.60104
0.84626
1.2974
2.1977
3.8224
6.1128
6.8248
3.2776
0.30063
0.0012513
0
0
0
0
0
0
0
0
0
0
0
0
0
0
