0
0
0
0
0
0
0
0
0
0
0
0
0
0
0.003973
0.43521
3.3756
6.2987
5.6252
3.6017
2.1012
1.2749
0.83455
0.61155
0.48532
0.42324
0.40842
0.41085
0.45518
0.52427
0.64038
0.81453
1.0525
1.3141
1.5419
1.6758
1.6626
1.5559
1.4002
1.239
1.0994
1.0078
0.93026
0.86995
0.84659
0.84478
0.85302
0.87534
0.90759
0.95728
1.0041
1.0347
1.0783
1.1028
1.1111
1.0983
1.0915
1.06
1.0401
1.0185
0.99507
0.98299
0.9808
0.96652
0.97075
0.97333
0.97275
0.98226
0.99477
1.0056
1.0202
1.021
1.0168
1.0182
1.0133
1.0166
1.0125
0.99923
1
0.99992
0.98884
0.99842
0.99746
0.99669
0.98934
0.99246
0.99226
1.0031
1.0033
1.0031
1.005
0.99969
1.0067
0.99692
1.0075
1.0004
0.99727
0.99611
1.0023
1.0001
1.0007
1.0021
0.99877
1.0064
0.99442
0.99931
0.99911
1.0005
0.99746
1.0011
0.99911
0.99357
0.99688
0.99554
1.0074
1.003
0.99504
0.99915
0.99915
0.99773
1
0.99715
1.0055
1.0005
0.99257
0.99842
0.99742
0.99692
0.99885
1.0003
1.0061
0.99442
1.0104
0.99985
0.98838
1.0019
1.003
0.99646
1.0011
1.0036
0.99665
1.0012
0.99804
0.99965
1.0011
1.0034
1.0012
1.0023
1.0056
0.9965
0.99742
0.99808
0.99438
1.0039
1.0015
1.0019
0.99765
0.99307
0.9985
0.99988
0.997
1.0007
1.005
1.0017
1
1.0054
0.99704
1.003
0.99346
1.0009
0.99015
0.99284
1.0022
1.0008
0.99792
0.99461
0.99723
1.0062
0.9995
1.0072
0.99623
0.99788
1.0008
0.9955
1.0011
1.002
1.0039
0.99869
0.99842
1.0005
1.0008
0.99396
0.99985
1.0044
1.0028
1.0086
1.0054
1.0021
0.99677
1
1.0002
0.99696
1.0056
1.0013
1.0004
0.99157
1.003
1.0039
0.99542
1.0044
1.0052
0.99996
1.0003
0.9995
0.99646
0.99438
1.0071
0.99904
1.0145
1.0028
1.0097
1
1.0026
0.99453
0.99319
1.0004
1.0005
1.0007
0.99719
0.99357
0.99996
0.9913
1.002
1.0018
0.99769
0.99442
0.99638
1.0084
1.0003
0.99719
1.0013
1.0068
1.0042
1.0036
1.006
0.99792
0.99684
1.0001
0.99808
1.004
0.99415
0.9995
1.0058
0.99107
1.0018
0.99808
1.0081
1.001
1
0.99831
1.0026
1.0019
1.0011
1.0025
0.99338
1.0054
0.99715
0.98838
1.0024
1.0041
0.99988
0.99869
1.0055
0.99977
0.99211
1.003
1.0042
0.99854
0.9925
0.99992
1.0023
1.0005
0.99927
0.99808
1.0028
1.0025
1.001
1.0056
1.0004
0.99896
1.0065
1.0053
1.0022
1.0027
1.0003
0.99742
1.0038
1.0094
0.99935
1.0066
1.0022
1.0102
1.0052
1.0036
1.0017
1.0033
1.0114
1.0074
1.006
0.99861
1.0056
0.99415
0.99908
0.99484
1.0023
0.98845
0.99415
0.99488
1.0005
1.0116
0.99915
1.0113
1.0092
1.0158
1.013
1.0295
1.0209
1.012
1.0163
1.0043
0.99919
0.99084
0.97783
0.97314
0.96117
0.96998
0.97468
0.98499
1.0038
1.0236
1.0506
1.073
1.0915
1.1137
1.1188
1.1054
1.0808
1.05
1.0034
0.96097
0.91113
0.87804
0.85086
0.83732
0.84709
0.87426
0.9233
0.99992
1.107
1.2455
1.4082
1.5678
1.6698
1.6735
1.5509
1.3202
1.0547
0.81688
0.63822
0.52611
0.44602
0.41681
0.40099
0.4227
0.4944
0.60228
0.83466
1.2663
2.1032
3.6062
5.6418
6.3203
3.375
0.44187
0.0038195
0
0
0
0
0
0
0
0
0
0
0
0
0
0
