0
0
0
0
0
0
0
0
0
0
0
0
0
0
0.031523
0.93403
3.4647
4.7044
3.962
2.7262
1.7598
1.1324
0.75266
0.55427
0.4345
0.37762
0.36328
0.38861
0.42986
0.52346
0.68813
0.89663
1.1468
1.381
1.5127
1.5383
1.4963
1.3852
1.2584
1.1341
1.0171
0.92803
0.86602
0.81841
0.80381
0.81144
0.83428
0.87812
0.93229
0.98992
1.0341
1.0713
1.105
1.116
1.1117
1.0896
1.0827
1.0429
1.0171
0.99944
0.96677
0.95105
0.94197
0.95855
0.95532
0.96316
0.98136
0.99325
1.0088
1.0232
1.033
1.0359
1.032
1.0355
1.0155
1.0166
1.007
1.0012
0.99371
0.99157
0.9855
0.99007
0.98426
0.99101
0.98335
0.99798
1.0018
1.0082
1.0033
1.0195
1.0126
1.0115
1.0035
1.0037
1.0034
1.0043
0.99829
0.99549
0.98874
0.9855
0.99132
0.99135
0.99462
1.0066
0.99353
1.0021
1.0054
1.0034
1.0084
1.0078
1.0095
1.0096
1.0077
1.0115
0.99963
1.0041
0.9953
0.99872
0.99932
0.99446
0.99667
0.99175
0.9962
0.99689
1.0118
1.0028
1.0008
1.0146
1.004
1.0127
1.0059
0.99904
0.99916
1.0054
1.0041
0.99991
0.99564
1.0042
0.99135
0.99969
0.99683
0.99938
0.99782
0.99471
0.99729
1.0028
0.99723
1.0062
1.014
1.0068
1.0044
1.006
1.0026
1.0043
1.0038
0.99303
1.0049
1.0106
1.0027
0.99418
0.9925
0.99966
1.0026
0.99838
1.0006
1.0034
1.0008
1.0097
1.0006
1.002
1.0132
0.99972
1.0009
0.99533
0.99742
1.0044
1.0078
1.0032
1.0123
0.99764
0.99452
0.9967
1.002
0.99798
1.0047
1.0041
0.99841
0.99891
1.0039
1.0019
0.99561
1.009
1.0071
1.0063
0.99639
1.0013
0.99409
0.99278
0.99496
1
0.99798
1.0046
1.0007
1.0086
1.001
1.0044
1.0024
1.0021
1.0028
1.0045
1.0097
1.0072
1.0069
0.99698
0.99067
0.99362
0.99371
1.003
0.99185
0.99928
0.99322
1.0063
1.0001
1.0016
1.0087
1.0059
1.0078
0.99617
1.0039
1.0004
1.001
1.003
0.99969
0.99278
1.0039
1.012
0.99997
1.0139
1.0072
1.0058
1.0057
1.0055
0.99714
0.99701
1.0066
1.0017
1.0061
1.0003
0.99941
0.99399
0.99894
0.99835
0.99947
0.9939
1.0065
1.0007
1.0022
0.99816
1.0104
1.0013
1.0013
1.0031
0.99788
1.0062
0.99832
1.0007
0.99829
0.9934
0.99611
1.0051
0.99869
1.0111
1.0035
1.0037
1.0058
1.0058
1.0191
1.0021
0.99689
0.99953
0.98597
0.99462
1.0061
0.99558
0.9967
0.99726
1.0033
1.0043
1.0063
1.01
1.0057
1.0037
1.0027
1.0072
0.99493
0.99988
1.0017
0.99701
0.99225
0.99502
1.0048
1.0083
0.99773
1.002
0.99972
1.0126
1.0096
1.0188
1.0076
1.0152
1.0008
1.0063
0.99151
1.0068
0.99627
0.99978
0.98018
0.99872
0.9878
0.99281
0.99823
1.0067
1.0031
1.0244
1.0102
1.023
1.0288
1.0274
1.0229
1.0112
0.99978
0.9972
0.97794
0.96157
0.96151
0.95451
0.94894
0.96366
0.98413
0.99511
1.0106
1.0362
1.0737
1.0938
1.113
1.1107
1.0983
1.061
1.0255
0.97536
0.92436
0.87395
0.83219
0.80839
0.80378
0.81825
0.86483
0.92548
1.0153
1.1374
1.2719
1.3933
1.495
1.534
1.5025
1.3655
1.1408
0.87815
0.67033
0.52349
0.42697
0.37669
0.36857
0.38188
0.44044
0.54667
0.7615
1.1471
1.7931
2.8008
3.9931
4.6745
3.3546
0.85967
0.026496
0
0
0
0
0
0
0
0
0
0
0
0
0
0
