0
0
0
0
0
0
0
0
0
0
0
0
0
0
0.0014742
0.32047
2.9569
5.2942
4.8157
2.9992
1.737
1.0305
0.67312
0.47997
0.38878
0.33892
0.33695
0.34609
0.39364
0.47981
0.62893
0.83782
1.1299
1.4326
1.6488
1.6858
1.6037
1.4418
1.2615
1.0745
0.95177
0.86539
0.80915
0.77106
0.76049
0.76607
0.81091
0.84879
0.90927
0.97318
1.035
1.0844
1.1235
1.1258
1.1142
1.0864
1.0459
1.011
0.99178
0.96323
0.93684
0.92867
0.92365
0.92815
0.9498
0.94521
0.96542
0.98063
0.9887
1.0013
1.0055
1.0003
1.018
1.0043
1.0079
0.9899
0.98248
0.96985
0.96997
0.96742
0.9753
0.9701
0.97068
0.97469
0.99446
0.98645
0.99307
0.9972
0.99504
0.99113
0.99581
0.98642
0.98756
0.98457
0.97459
0.9684
0.99236
0.97604
0.98987
0.9709
0.97869
0.97955
0.98888
0.98161
0.99175
0.9818
0.97355
0.98325
0.99141
0.98626
0.98506
0.98879
0.97817
0.9757
0.98325
0.9882
0.9834
0.99224
0.98488
0.98814
0.9874
0.97117
0.983
0.98556
0.98534
0.97419
0.97555
0.98278
0.9798
0.9834
0.98688
0.97398
0.98429
0.98248
0.98417
0.98395
0.98885
0.9793
0.99015
0.98198
0.98118
0.98257
0.99375
0.99168
0.99172
0.97967
0.98673
0.97659
0.99184
0.99132
0.98023
0.98051
0.98223
0.97527
0.98864
0.98075
0.98217
0.98195
0.98097
0.98023
0.98331
0.98121
0.99008
0.99606
0.98457
0.9935
0.98346
0.97579
0.98611
0.98777
0.99008
0.97191
0.97265
0.97509
0.99557
0.97927
0.98078
0.98198
0.981
0.98904
0.99042
0.98713
0.98534
0.9943
0.998
0.99261
0.98978
0.98525
0.97884
0.9814
0.98112
0.9806
0.98297
0.97493
0.98414
0.99172
0.99011
0.98463
0.9883
1
0.99886
0.9874
0.99837
0.99264
0.9874
0.99249
0.97469
0.97407
0.98432
0.9834
0.97265
0.98383
0.98466
0.99144
0.98756
0.99735
0.99895
0.9927
0.99569
0.98272
0.987
0.98984
0.98534
0.98971
0.97564
0.98842
0.98161
0.98288
0.99855
0.98851
0.98007
0.98888
0.98956
0.98583
0.9878
0.99344
0.97887
0.99439
0.98454
0.98593
0.97924
0.97998
0.99304
0.99233
0.98278
0.99778
0.98513
0.98817
0.97247
0.98848
0.98854
0.99132
0.99227
0.98531
0.97613
0.9915
0.9781
0.98198
0.99085
0.98713
0.99982
0.98103
0.98753
0.98392
0.9915
0.99015
0.98777
0.99443
0.9964
0.99307
0.98891
0.97157
0.98907
0.9769
0.97857
0.97336
0.98676
0.97247
0.97607
0.9826
0.97509
0.98121
0.97943
0.99218
0.97989
0.9948
0.99593
0.98919
0.99516
0.99042
0.98423
0.98017
0.98017
0.987
0.9769
0.98088
0.98682
0.98642
0.98084
0.98272
0.9761
0.98673
0.9859
0.98402
0.98229
0.99332
0.99301
0.98836
0.98272
0.98913
0.99994
0.99295
0.9931
0.98941
0.98325
0.98645
0.97444
0.98466
0.96702
0.97465
0.97943
0.97342
0.99332
0.99042
1.0063
1.0207
1.0178
1.0165
1.0104
1.0136
0.99717
0.99384
0.9616
0.95254
0.92409
0.93394
0.92215
0.92667
0.93446
0.96757
0.97946
1.0277
1.0611
1.0997
1.1115
1.1308
1.1265
1.0908
1.0299
0.96908
0.90761
0.84411
0.79736
0.76665
0.75461
0.75286
0.80811
0.86754
0.97558
1.0937
1.2649
1.4397
1.6204
1.7138
1.6544
1.4529
1.145
0.84143
0.62034
0.47014
0.38687
0.33294
0.32752
0.33531
0.38949
0.48628
0.67269
1.0423
1.7404
3.0215
4.824
5.6133
2.971
0.31493
0.001505
0
0
0
0
0
0
0
0
0
0
0
0
0
0
