0
0
0
0
0
0
0
0
0
0
0
0
0
0.00011092
0.078959
1.4791
4.0287
4.0889
2.7038
1.605
0.97603
0.6424
0.47373
0.38322
0.34916
0.35076
0.39035
0.47928
0.64572
0.92448
1.2996
1.6501
1.7839
1.7
1.4687
1.2159
1.0129
0.86789
0.77042
0.72307
0.71299
0.72812
0.77726
0.8563
0.95926
1.0712
1.1761
1.2231
1.2324
1.1912
1.1339
1.0629
0.99316
0.94424
0.90083
0.88993
0.88987
0.90444
0.93729
0.97281
1.0268
1.0417
1.0704
1.0823
1.0684
1.0642
1.0416
1.0144
0.99114
0.98202
0.96658
0.96319
0.95948
0.96591
0.98927
0.99511
1.0098
1.0217
1.0266
1.0345
1.0239
1.0157
1.0105
1.0086
1.0026
0.99494
0.98612
0.98956
0.99053
0.99214
1.0025
1.0032
1.0124
1.0109
1.0123
1.0113
1.0032
1.0148
1.0046
1.0039
0.99998
0.99798
0.99796
1.0046
1.008
1.0001
0.99904
1.0084
1.0015
1.0084
1.0042
1.0011
1.0057
0.99603
0.99989
0.9969
1.0056
1.004
1.0027
1.0088
1.0034
1.0086
1.0017
1.0065
1.0003
0.99804
1.004
0.99985
1.0048
0.99522
1.0034
1.0147
1.0049
1.0071
1.0021
1.0065
1.0018
0.99425
0.9959
1.0008
1.0061
1.0041
1.0022
1.0082
0.99842
1.0114
1.0086
1.0085
1.0005
0.99778
1.0015
0.9954
1.0017
1.0062
0.99787
1.0064
0.99718
0.99922
1.0042
1.0145
1.0119
1.0053
1.0062
1.0104
0.99499
1.0036
0.99718
0.99563
1.0005
1.0029
1.0095
1.0074
1.0083
1.0106
1.01
1.0075
1.0039
1.0051
1.0051
1.0048
1.0003
1.0008
1.0046
1.0061
1.0066
0.9995
1.0018
1.0052
0.99848
1.0042
0.99852
1.0108
1.0039
1.0105
0.99809
1.0113
1.0072
1.0032
1.0042
1
0.99677
1.0012
1.0012
0.99868
0.99805
1.0014
0.9992
1.0018
1.0027
1.0059
1.0024
1.0019
1.0084
1.0128
1.0056
1.0032
1.0072
0.99383
1.0055
0.99629
1.0049
1.0023
1.0001
0.99692
1.0123
1.0116
1.002
1.0076
1.0037
1.002
0.9975
1.005
1.0007
0.99861
0.99735
1.0033
1.001
1.0093
1.001
1.0108
1.0018
1.0008
1.0122
1.0033
1.0098
1.0017
1.0002
1.0003
1.0033
1.0058
0.99765
1.0015
1.0115
1.0027
1.0015
1.0049
1
1.0024
1.0026
1.0098
1.0058
1.0021
1.0094
1.004
1.0118
1.0033
0.99557
0.99998
1.0068
1.0034
1.0016
0.99972
1.0075
1.0017
1.0031
1.0075
1.0119
0.99852
1.0056
1.007
1.0018
1.0048
1.0065
0.99956
0.99331
0.99429
1.0047
1.0086
1.009
1.0079
1.0135
1.009
0.99444
1.0019
1.0001
1.0014
0.99518
0.99902
0.99833
0.99854
0.9962
1.0064
1.0142
1.015
1.0186
1.0111
1.0092
1.0021
0.9988
0.99264
0.99446
0.98048
0.9934
0.99453
0.99603
1.0032
1.01
1.0245
1.0317
1.0216
1.0249
1.018
1.0141
0.99746
0.98337
0.9751
0.96339
0.95968
0.96661
0.98061
0.99839
1.0153
1.0358
1.063
1.072
1.0741
1.0634
1.0427
1.0096
0.97071
0.93981
0.90776
0.89056
0.88381
0.90928
0.93968
0.99733
1.0619
1.1335
1.1899
1.2314
1.221
1.1752
1.0745
0.9582
0.85107
0.77924
0.72296
0.70686
0.72152
0.76816
0.86195
1.0196
1.2225
1.4653
1.6866
1.7835
1.6385
1.2929
0.92266
0.6511
0.47735
0.39393
0.35028
0.35148
0.3883
0.47883
0.64262
0.97025
1.6058
2.7155
4.062
4.0133
1.4824
0.07648
3.6974e-05
0
0
0
0
0
0
0
0
0
0
0
0
0
