0
0
0
0
0
0
0
0
0
0
0
0
0
1.8506e-05
0.058755
1.651
4.9869
4.6924
2.654
1.3178
0.69557
0.41263
0.27975
0.22537
0.20903
0.22171
0.27427
0.38141
0.59138
0.95661
1.4832
1.9545
2.115
1.9174
1.5587
1.214
0.93645
0.76138
0.6356
0.57419
0.56881
0.59793
0.66858
0.79041
0.95095
1.1284
1.2809
1.3668
1.3794
1.3051
1.2042
1.0812
0.97105
0.88161
0.83939
0.80448
0.81609
0.83983
0.88103
0.93913
1.0165
1.0725
1.1236
1.15
1.1392
1.1078
1.072
1.0344
0.9814
0.95065
0.93536
0.91587
0.91754
0.93454
0.95848
0.98369
1.0188
1.0396
1.0585
1.0568
1.0562
1.0463
1.0291
1.0101
0.99265
0.97036
0.97257
0.97127
0.96457
0.97353
0.98365
1.0009
1.0144
1.0221
1.0288
1.0256
1.0256
1.0134
1.0134
0.99972
1.0005
0.98985
0.99096
0.98853
0.98938
0.99013
0.99447
0.99792
1.0049
1.0094
1.0159
1.0204
1.0072
0.99779
1.0008
0.99941
1.0046
0.99959
1.0059
0.99415
1.0004
0.99608
0.99618
1.009
0.99783
1.0004
0.99647
1.0135
1.0063
1.0027
1.0032
1.001
1.0061
0.99779
1.0054
1.0055
1.0023
0.99293
1.0016
1.0031
1.0082
1.0048
0.9982
1.0032
1.0014
0.99395
1.0082
1.0047
1.0012
0.99905
1.0053
1.0073
1.0027
1.0087
1.0038
1.012
1.0036
1.0054
0.99766
1.0022
0.99976
1.0061
0.99794
0.99085
1.0085
1.0072
1.0042
1.0079
1.0047
1.0009
1.0104
0.99402
1.0016
1.0086
0.99985
0.99523
0.99681
0.99805
1.0073
1.0017
1.0075
1.0094
0.99646
1.0108
1.0001
1.0051
0.99811
0.99948
0.99874
0.99811
1.0048
1.0042
0.99792
0.99764
1.0024
0.99482
0.99974
1.008
0.9961
1
1.0003
1.008
1.0067
1.0072
0.99842
0.99621
1.0039
1.0037
0.99989
1.0009
0.99872
0.99558
1.0026
1.0069
0.99664
0.99922
0.99506
0.99532
0.99976
1.0053
1.0034
1.0038
1.0095
1.0051
1.0027
1.0026
1.0004
0.99516
0.99694
1.0005
0.998
0.9984
1.0048
1.0016
0.99918
0.99222
0.9895
1.0046
1.0089
1.0077
1.0117
1.0078
1.0056
1.0074
0.99762
0.98751
0.98551
0.99852
0.99762
0.99666
1.0022
1.0039
1.0004
0.99211
1.0142
1.0079
1.0056
1.007
1.0128
0.9913
0.99514
0.98985
0.99761
0.9876
0.99341
0.99881
0.99694
1.0017
1.0097
1.0111
1.0109
1.0035
1.0088
1.0071
0.99634
1.0061
0.99547
0.99336
0.99267
0.98643
0.99839
0.99334
0.99599
1.0039
1.0005
1.0107
1.0143
1.014
1.007
1.0076
1.0025
0.98899
0.99352
0.99282
0.98545
0.98595
0.99237
0.98751
0.99323
0.99755
1.0034
1.02
1.0233
1.0245
1.0243
1.0192
1.0061
0.98994
0.9804
0.97684
0.96951
0.97584
0.96691
0.96386
0.98864
1.0039
1.0184
1.0373
1.0448
1.062
1.0511
1.0357
1.0133
0.9876
0.95214
0.94438
0.91854
0.91555
0.92457
0.94364
0.97149
1.0217
1.0666
1.1054
1.1299
1.1341
1.1134
1.0836
1.0125
0.93662
0.87879
0.83957
0.80797
0.80347
0.82866
0.87959
0.96583
1.0829
1.1905
1.3064
1.3776
1.3543
1.2678
1.1159
0.94469
0.78866
0.66896
0.5952
0.56558
0.58505
0.63976
0.7521
0.93486
1.2006
1.5598
1.9118
2.1076
1.9486
1.4654
0.95
0.58215
0.37343
0.27394
0.22266
0.21028
0.22518
0.28812
0.41482
0.70197
1.3349
2.6579
4.6423
4.9732
1.6646
0.057144
0
0
0
0
0
0
0
0
0
0
0
0
0
0
