0
0
0
0
0
0
0
0
0
0
0
0
0
0
0
3.6989e-05
0.023488
1.1856
5.3494
6.5997
4.2749
2.1289
1.0193
0.51958
0.29602
0.18532
0.13627
0.11426
0.10982
0.11012
0.13531
0.17699
0.24757
0.37883
0.60059
1.0015
1.5241
2.0865
2.3569
2.353
2.057
1.6676
1.2945
1.0073
0.78192
0.6307
0.54084
0.477
0.44878
0.4582
0.48494
0.55178
0.63775
0.77921
0.95946
1.142
1.3162
1.4458
1.5131
1.5019
1.4053
1.2987
1.1691
1.0544
0.94058
0.85732
0.78548
0.73448
0.72576
0.72891
0.75855
0.79479
0.84667
0.91024
0.9993
1.0725
1.1394
1.1861
1.2183
1.2095
1.1793
1.1392
1.0793
1.0253
0.97278
0.92949
0.90598
0.88825
0.88169
0.86685
0.88465
0.90846
0.9289
0.9638
1.0059
1.0325
1.0644
1.0748
1.093
1.0895
1.0747
1.058
1.0365
1.0224
0.99844
0.97241
0.95631
0.94889
0.93595
0.9315
0.95034
0.96035
0.97263
0.98502
1.0008
1.0262
1.026
1.0378
1.0206
1.0373
1.0367
1.0411
1.0211
0.99967
1.0076
0.99381
0.97801
0.97237
0.96009
0.97222
0.9888
0.98361
0.99032
0.9954
0.99803
1.0165
1.0125
1.0078
1.0079
1.0186
1.0157
1.0108
1.0136
1.0122
0.99377
0.99711
0.99158
0.98172
0.97274
0.98505
0.99065
0.99744
1.0038
0.998
0.99321
1.0203
1.0133
1.02
1.0091
1.0004
0.99889
0.99603
1.0105
1.0018
0.99273
1.0032
1.0012
0.99117
0.99188
0.98802
0.97626
1.0071
0.98921
0.99358
1.0063
1.0062
1.0049
1.0105
0.99815
1.0073
1.0072
1.0087
0.99173
1.0061
0.99622
0.99236
0.9875
1.0003
0.99399
1.0016
0.99763
0.99874
0.99344
1.0006
1.0032
0.99492
0.99911
0.99655
1.0094
1
0.99377
1.0089
0.98798
0.99941
1.0002
1.0106
0.99358
0.99496
0.99247
0.98991
0.98835
0.99577
1.0006
0.99662
1.0076
1.0092
0.99054
0.99358
1.0095
1.001
1.0061
0.98947
1.0001
1.0076
1.0052
1.0025
0.98884
0.98872
0.99088
0.99403
0.99247
0.99243
0.99433
0.99362
1.0007
1.0026
1.0171
1.002
1.0055
1.0033
1.0125
1.0105
1.0125
1.0001
0.99777
0.99911
0.99065
0.99084
0.99262
0.97708
0.98546
0.9849
0.98253
0.99229
1.0044
1.006
1.0136
1.017
1.0268
1.017
1.0194
1.0181
1.0092
1.0084
0.98843
0.98984
0.98613
0.98123
0.98097
0.96651
0.96818
0.97645
0.97971
0.97975
0.9862
1.0058
1.0091
1.0357
1.0505
1.0525
1.0402
1.0455
1.0435
1.0243
1.0111
0.9895
0.95546
0.95004
0.93354
0.92879
0.92378
0.93943
0.94837
0.96925
0.99191
1.02
1.0494
1.0707
1.0859
1.1048
1.1071
1.0964
1.0773
1.0512
1.0095
0.96621
0.92512
0.88955
0.87675
0.86882
0.85446
0.87304
0.89055
0.93198
0.97318
1.0294
1.0932
1.1403
1.2068
1.2351
1.225
1.2147
1.1565
1.0751
0.99989
0.92111
0.84448
0.78002
0.74594
0.72777
0.7103
0.73537
0.77361
0.83532
0.93098
1.0361
1.1767
1.3159
1.4365
1.5328
1.5475
1.4779
1.3378
1.143
0.95705
0.77498
0.63615
0.54043
0.48134
0.44574
0.45342
0.47878
0.53216
0.61609
0.77353
0.98854
1.2993
1.6605
2.0939
2.3668
2.4227
2.1094
1.5475
0.99573
0.60329
0.36775
0.23651
0.16456
0.12728
0.10886
0.10009
0.10679
0.13616
0.1791
0.28426
0.51172
1.0199
2.135
4.2808
6.682
5.3805
1.178
0.024672
0
0
0
0
0
0
0
0
0
0
0
0
0
0
0
0
