0
0
0
0
0
0
0
0
0
0
0
0
0
0
0
0.00014657
0.071014
1.5096
4.7702
5.7166
4.1926
2.3177
1.1316
0.56839
0.3078
0.18449
0.13015
0.10022
0.092707
0.093695
0.11063
0.14558
0.22293
0.36086
0.61359
1.0272
1.5606
2.0521
2.3263
2.3209
2.0477
1.6906
1.3336
1.0277
0.80292
0.6306
0.5217
0.45416
0.41661
0.41514
0.43748
0.49227
0.59463
0.74424
0.92372
1.1395
1.3423
1.494
1.5555
1.5623
1.4608
1.3372
1.189
1.0629
0.92766
0.84032
0.75784
0.71297
0.67873
0.69016
0.71213
0.75063
0.81328
0.8861
0.98872
1.0739
1.1481
1.2186
1.2512
1.2513
1.2008
1.1701
1.1118
1.0402
0.986
0.93184
0.87515
0.85002
0.83113
0.84094
0.84726
0.87118
0.91763
0.96348
0.99677
1.036
1.0655
1.0912
1.1054
1.1175
1.0934
1.0762
1.0468
1.0241
0.98589
0.97046
0.93658
0.93552
0.93059
0.92229
0.92108
0.92861
0.94999
0.9698
0.99669
1.0134
1.0379
1.0373
1.047
1.044
1.0413
1.0363
1.0273
1.0098
0.98538
0.98641
0.97377
0.9684
0.95551
0.95205
0.95793
0.97042
0.9788
0.98508
0.9975
1.0064
1.0061
1.0208
1.0198
1.0214
1.024
1.0102
1.006
0.99133
0.99563
0.98269
0.98457
0.97818
0.96991
0.97689
0.98405
0.98361
0.98292
0.99001
1.0072
0.9982
1.0076
1.0001
1.0104
1.0087
1.011
0.99908
1.0102
0.99177
0.99769
0.98916
0.9723
0.98391
0.98659
0.98997
0.98247
0.98574
0.99111
0.99508
0.99691
0.99673
1.0083
0.99904
0.99419
1.0021
0.98949
1.0004
1.0025
0.99724
0.99467
0.99511
0.99122
0.98957
0.99552
0.98949
0.9867
0.99148
0.98519
0.99478
0.97965
0.9928
1
0.99471
1.0051
1
1.0056
0.99394
1.0001
1.0062
1.0052
0.99805
0.99063
0.98641
0.98688
0.98997
0.99118
0.98685
0.99368
0.98461
0.98725
0.98652
0.99765
0.99504
1.0115
1.0097
1.0078
0.99662
0.99849
0.99765
0.99328
0.9957
0.99989
0.99688
0.99096
0.98159
0.98486
0.98328
0.98982
0.9928
0.99324
0.98721
1.0014
0.99886
1.0095
1.0055
1.0063
1.0043
1.0026
0.99956
1.0035
1.0037
0.98725
0.98483
0.98494
0.9741
0.98483
0.98269
0.98005
0.99482
0.98449
0.98769
1.0043
1.0024
1.0244
1.0201
1.0113
1.012
1.013
0.99963
0.99353
0.99919
0.97759
0.98167
0.96072
0.9536
0.96377
0.9594
0.97612
0.97355
0.99927
1.0145
1.0198
1.0304
1.0442
1.0401
1.0401
1.0373
1.0248
1.0138
0.99574
0.97237
0.95565
0.93831
0.92255
0.93574
0.9209
0.9314
0.94889
0.96921
0.98027
1.0173
1.0568
1.0809
1.0908
1.0899
1.0998
1.0877
1.0802
1.0387
1.0025
0.95642
0.91818
0.87901
0.85057
0.83396
0.84455
0.86339
0.88731
0.92494
0.97557
1.0255
1.0974
1.1483
1.213
1.2452
1.2538
1.2225
1.1649
1.0793
0.98424
0.89055
0.81864
0.75548
0.70191
0.67943
0.69027
0.7161
0.76834
0.83911
0.93427
1.0603
1.1919
1.3283
1.4666
1.5404
1.5513
1.4875
1.3438
1.1369
0.93262
0.74082
0.59985
0.50399
0.4513
0.41739
0.42426
0.45909
0.5296
0.63016
0.79674
1.0191
1.3227
1.6715
2.0436
2.3235
2.3489
2.0773
1.5678
1.0104
0.60043
0.34909
0.22062
0.14855
0.11601
0.09659
0.0945
0.099996
0.13063
0.18508
0.30256
0.56366
1.1435
2.3242
4.186
5.7269
4.7819
1.5042
0.068924
7.3285e-05
0
0
0
0
0
0
0
0
0
0
0
0
0
0
0
